17,362
17,316
17,315
17,643
17,361
17,527
17,462
17,642
17,314
17,641
17,313
17,640
17,312
17,447
17,311
17,576
17,446
17,310
17,445
17,309
17,444
17,308
17,307
17,443
17,360
17,359
17,306
17,442
17,305
17,526
17,441
17,304
17,303
17,358
17,302
17,440
17,439
17,301
17,300
17,438
17,299
17,437
17,357
17,298
17,297
17,461
17,436
17,296
17,356
17,295
17,355
17,435
17,354
17,353
17,434
17,352
17,525
17,433
17,294
17,293
17,524
17,432
17,351
17,523
17,460
17,459
17,350
17,458
17,431
17,457
17,430
17,429
17,349
17,522
17,428
17,521
17,456
17,348
17,292
17,427
17,291
17,426
17,425
17,347
17,424
17,346
17,345
17,423
17,344
17,343
17,290
17,422
17,421
17,289
17,288
17,420
17,520
17,419
17,342
17,418
17,417
17,416
17,415
17,414
17,455
17,413
17,412
17,411
17,410
17,519
17,409
17,518
17,517
17,454
17,408
17,453
17,452
17,451
17,407
17,406
17,341
17,340
17,339
17,405
17,516
17,338
17,404
17,515
17,337
17,450
17,403
17,402
17,336
17,401
17,335
17,400
17,334
17,333
17,399
17,332
17,331
17,330
17,398
17,397
17,396
17,514
17,395
17,329
17,328
17,394
17,393
17,392
17,327
17,326
17,391
17,449
17,390
17,325
17,389
17,388
17,387
17,386
17,513
17,512
17,231
17,324
17,385
17,448
17,230
17,229
17,287
17,384
17,286
17,191
17,323
17,322
17,228
17,285
17,190
17,227
17,189
17,226
17,225
17,188
17,284
17,283
17,187
17,186
17,282
17,185
17,281
17,280
17,184
17,279
17,183
17,182
17,278
17,277
17,181
17,276
17,275
17,274
17,273
17,180
17,224
17,272
17,179
17,178
17,271
17,177
17,270
17,269
17,268
17,176
17,267
17,266
17,175
17,223
17,265
17,264
17,174
17,263
17,262
17,173
17,261
17,172
17,171
17,260
17,222
17,170
17,321
17,259
17,221
17,220
17,320
17,219
17,169
17,218
17,216
17,215
17,168
17,258
17,214
17,167
17,257
17,166
17,213
17,212
17,165
17,211
17,210
17,209
17,164
17,163
17,256
17,208
17,207
17,162
17,206
17,205
17,161
17,160
17,204
17,159
17,203
17,202
17,201
17,158
17,200
17,199
17,157
17,156
17,155
17,198
17,154
17,197
17,153
17,152
17,196
17,195
17,151
17,150
17,149
17,148
17,147
17,194
17,146
17,193
17,192
17,217
17,125
17,145
17,124
17,144
17,123
17,143
17,122
17,121
17,142
17,120
17,119
17,141
17,118
17,117
17,140
17,116
17,139
17,115
17,114
17,113
17,112
17,138
17,111
17,110
17,109
17,137
17,108
17,107
17,136
17,135
17,134
17,106
17,105
17,133
17,104
17,132
17,103
17,131
17,130
17,102
17,129
17,101
17,100
17,99
17,128
17,98
17,97
17,96
17,95
17,94
17,93
17,92
17,91
17,90
17,89
17,88
17,87
17,86
17,85
17,84
17,83
17,82
17,81
17,80
17,79
17,78
17,77
17,76
17,75
17,74
17,73
17,72
17,71
17,70
17,69
17,68
17,127
17,67
17,66
17,65
17,64
17,126
17,63
17,62
17,61
17,60
17,59
17,58
17,57
17,56
17,55
17,54
17,53
17,52
17,51
17,50
17,49
17,48
17,47
17,46
17,45
17,44
17,43
17,42
17,41
17,40
17,39
17,38
17,37
17,36
17,35
17,34
17,33
17,32
17,31
17,30
17,29
17,28
17,27
17,26
17,25
17,24
17,23
17,22
17,21
17,20
17,19
17,18
17,17
17,16
17,15
17,14
17,13
17,12
17,11
17,10
17,9
17,8
17,7
17,6
17,5
17,4
17,3
17,2
17,1
17,0
16,362
16,316
16,315
16,643
16,361
16,527
16,462
16,642
16,314
16,641
16,313
16,640
16,312
16,447
16,311
16,576
16,446
16,310
16,445
16,309
16,444
16,308
16,307
16,443
16,360
16,359
16,306
16,442
16,305
16,526
16,441
16,304
16,303
16,358
16,302
16,440
16,439
16,301
16,300
16,438
16,299
16,437
16,357
16,298
16,297
16,461
16,436
16,296
16,356
16,295
16,355
16,435
16,354
16,353
16,434
16,352
16,525
16,433
16,294
16,293
16,524
16,432
16,351
16,523
16,460
16,459
16,350
16,458
16,431
16,457
16,430
16,429
16,349
16,522
16,428
16,521
16,456
16,348
16,292
16,427
16,291
16,426
16,425
16,347
16,424
16,346
16,345
16,423
16,344
16,343
16,290
16,422
16,421
16,289
16,288
16,420
16,520
16,419
16,342
16,418
16,417
16,416
16,415
16,414
16,455
16,413
16,412
16,411
16,410
16,519
16,409
16,518
16,517
16,454
16,408
16,453
16,452
16,451
16,407
16,406
16,341
16,340
16,339
16,405
16,516
16,338
16,404
16,515
16,337
16,450
16,403
16,402
16,336
16,401
16,335
16,400
16,334
16,333
16,399
16,332
16,331
16,330
16,398
16,397
16,396
16,514
16,395
16,329
16,328
16,394
16,393
16,392
16,327
16,326
16,391
16,449
16,390
16,325
16,389
16,388
16,387
16,386
16,513
16,512
16,231
16,324
16,385
16,448
16,230
16,229
16,287
16,384
16,286
16,191
16,323
16,322
16,228
16,285
16,190
16,227
16,189
16,226
16,225
16,188
16,284
16,283
16,187
16,186
16,282
16,185
16,281
16,280
16,184
16,279
16,183
16,182
16,278
16,277
16,181
16,276
16,275
16,274
16,273
16,180
16,224
16,272
16,179
16,178
16,271
16,177
16,270
16,269
16,268
16,176
16,267
16,266
16,175
16,223
16,265
16,264
16,174
16,263
16,262
16,173
16,261
16,172
16,171
16,260
16,222
16,170
16,321
16,259
16,221
16,220
16,320
16,219
16,169
16,218
16,216
16,215
16,168
16,258
16,214
16,167
16,257
16,166
16,213
16,212
16,165
16,211
16,210
16,209
16,164
16,163
16,256
16,208
16,207
16,162
16,206
16,205
16,161
16,160
16,204
16,159
16,203
16,202
16,201
16,158
16,200
16,199
16,157
16,156
16,155
16,198
16,154
16,197
16,153
16,152
16,196
16,195
16,151
16,150
16,149
16,148
16,147
16,194
16,146
16,193
16,192
16,217
16,125
16,145
16,124
16,144
16,123
16,143
16,122
16,121
16,142
16,120
16,119
16,141
16,118
16,117
16,140
16,116
16,139
16,115
16,114
16,113
16,112
16,138
16,111
16,110
16,109
16,137
16,108
16,107
16,136
16,135
16,134
16,106
16,105
16,133
16,104
16,132
16,103
16,131
16,130
16,102
16,129
16,101
16,100
16,99
16,128
16,98
16,97
16,96
16,95
16,94
16,93
16,92
16,91
16,90
16,89
16,88
16,87
16,86
16,85
16,84
16,83
16,82
16,81
16,80
16,79
16,78
16,77
16,76
16,75
16,74
16,73
16,72
16,71
16,70
16,69
16,68
16,127
16,67
16,66
16,65
16,64
16,126
16,63
16,62
16,61
16,60
16,59
16,58
16,57
16,56
16,55
16,54
16,53
16,52
16,51
16,50
16,49
16,48
16,47
16,46
16,45
16,44
16,43
16,42
16,41
16,40
16,39
16,38
16,37
16,36
16,35
16,34
16,33
16,32
16,31
16,30
16,29
16,28
16,27
16,26
16,25
16,24
16,23
16,22
16,21
16,20
16,19
16,18
16,17
16,16
16,15
16,14
16,13
16,12
16,11
16,10
16,9
16,8
16,7
16,6
16,5
16,4
16,3
16,2
16,1
16,0
15,3
15,2
15,1
15,0
14,3
14,2
14,1
14,0
13,3
13,2
13,1
13,0
12,585
12,584
12,583
12,582
12,581
12,580
12,579
12,578
12,577
12,576
12,489
12,488
12,487
12,486
12,485
12,484
12,483
12,482
12,481
12,480
12,479
12,478
12,477
12,476
12,475
12,474
12,473
12,472
12,471
12,470
12,469
12,468
12,467
12,466
12,465
12,464
12,463
12,462
12,461
12,460
12,458
12,457
12,521
12,520
12,519
12,518
12,517
12,516
12,515
12,514
12,513
12,512
12,456
12,455
12,454
12,453
12,452
12,451
12,450
12,449
12,448
12,319
12,318
12,317
12,316
12,315
12,314
12,313
12,312
12,311
12,310
12,309
12,308
12,307
12,306
12,305
12,304
12,303
12,302
12,301
12,300
12,299
12,297
12,393
12,392
12,391
12,390
12,389
12,388
12,387
12,386
12,385
12,384
12,296
12,295
12,294
12,293
12,292
12,291
12,290
12,289
12,288
12,287
12,286
12,285
12,284
12,283
12,282
12,281
12,280
12,279
12,278
12,277
12,276
12,275
12,274
12,273
12,272
12,271
12,270
12,269
12,268
12,267
12,266
12,265
12,351
12,350
12,349
12,348
12,347
12,346
12,345
12,344
12,343
12,342
12,341
12,340
12,339
12,338
12,337
12,336
12,335
12,334
12,333
12,332
12,331
12,330
12,329
12,328
12,327
12,326
12,325
12,324
12,323
12,322
12,321
12,320
12,264
12,263
12,262
12,261
12,260
12,259
12,258
12,257
12,256
12,63
12,62
12,61
12,60
12,59
12,58
12,57
12,56
12,55
12,54
12,53
12,52
12,51
12,50
12,49
12,48
12,47
12,46
12,45
12,44
12,43
12,42
12,41
12,194
12,193
12,191
12,190
12,189
12,188
12,187
12,186
12,185
12,184
12,183
12,182
12,181
12,180
12,179
12,178
12,177
12,176
12,175
12,174
12,173
12,192
12,172
12,171
12,170
12,169
12,168
12,167
12,166
12,165
12,164
12,163
12,162
12,161
12,160
12,159
12,158
12,157
12,156
12,155
12,154
12,153
12,152
12,151
12,150
12,149
12,148
12,147
12,146
12,145
12,144
12,143
12,142
12,141
12,140
12,139
12,138
12,137
12,136
12,135
12,134
12,133
12,132
12,131
12,130
12,129
12,127
12,126
12,125
12,124
12,123
12,122
12,121
12,120
12,119
12,118
12,117
12,128
12,116
12,115
12,114
12,113
12,112
12,111
12,110
12,109
12,108
12,107
12,106
12,105
12,104
12,103
12,102
12,101
12,100
12,99
12,98
12,97
12,96
12,95
12,94
12,93
12,92
12,91
12,90
12,89
12,88
12,87
12,86
12,85
12,84
12,83
12,82
12,81
12,80
12,79
12,78
12,77
12,76
12,75
12,74
12,73
12,72
12,71
12,70
12,69
12,68
12,67
12,66
12,65
12,64
12,40
12,39
12,38
12,37
12,36
12,35
12,34
12,33
12,32
12,31
12,30
12,29
12,28
12,27
12,26
12,25
12,24
12,23
12,22
12,21
12,20
12,19
12,18
12,17
12,16
12,15
12,14
12,13
12,12
12,11
12,10
12,9
12,8
12,7
12,6
12,5
12,4
12,3
12,2
12,1
12,0
11,3
11,2
11,1
11,0
10,3
10,2
10,1
10,0
9,3
9,2
9,1
9,0
8,214
8,213
8,212
8,211
8,210
8,209
8,208
8,207
8,206
8,205
8,204
8,203
8,202
8,201
8,200
8,199
8,198
8,197
8,196
8,195
8,194
8,193
8,192
8,191
8,190
8,189
8,188
8,187
8,186
8,185
8,184
8,183
8,182
8,181
8,180
8,179
8,178
8,177
8,176
8,175
8,174
8,173
8,172
8,171
8,170
8,169
8,168
8,167
8,166
8,165
8,164
8,163
8,162
8,161
8,160
8,159
8,158
8,157
8,156
8,155
8,154
8,153
8,152
8,151
8,150
8,149
8,148
8,147
8,146
8,145
8,144
8,143
8,142
8,141
8,140
8,139
8,138
8,137
8,136
8,135
8,134
8,133
8,132
8,131
8,130
8,129
8,128
8,127
8,126
8,125
8,124
8,123
8,122
8,121
8,120
8,119
8,118
8,117
8,116
8,115
8,114
8,113
8,112
8,111
8,110
8,109
8,108
8,107
8,106
8,105
8,104
8,103
8,102
8,101
8,100
8,99
8,98
8,97
8,96
8,95
8,94
8,93
8,92
8,91
8,90
8,89
8,88
8,87
8,86
8,85
8,84
8,83
8,82
8,81
8,80
8,79
8,78
8,77
8,76
8,75
8,74
8,73
8,72
8,71
8,70
8,69
8,68
8,67
8,66
8,65
8,64
8,35
8,34
8,33
8,32
8,31
8,30
8,29
8,28
8,27
8,26
8,25
8,24
8,23
8,22
8,21
8,20
8,19
8,18
8,17
8,16
8,15
8,14
8,13
8,12
8,11
8,10
8,9
8,8
8,7
8,6
8,5
8,4
1,2
3,2
8,3
8,2
8,1
8,0
0,9
2,2
7,3
5,3
4,3
1,45
3,44
2,44
1,44
3,43
2,43
1,43
3,42
2,42
1,42
3,41
2,41
1,41
3,40
2,40
1,40
3,39
2,39
1,39
3,38
2,38
1,38
3,37
2,37
1,37
3,36
2,36
1,36
3,35
2,35
1,35
3,34
2,34
1,34
3,33
2,33
1,33
3,32
2,32
1,32
3,31
2,31
1,31
3,30
2,30
1,30
3,29
2,29
1,29
3,28
2,28
1,28
3,27
2,27
1,27
3,26
2,26
1,26
3,25
2,25
1,25
3,24
2,24
1,24
3,23
2,23
1,23
3,22
2,22
1,22
3,21
2,21
1,21
3,20
2,20
1,20
3,19
2,19
1,19
3,18
2,18
1,18
3,17
2,17
1,17
3,16
2,16
1,16
3,15
2,15
1,15
3,14
2,14
1,14
3,13
2,13
1,13
3,12
2,12
1,12
3,11
2,11
1,11
3,10
2,10
1,10
3,9
2,9
1,9
3,8
2,8
1,8
3,7
2,7
1,7
3,6
2,6
1,6
3,5
2,5
1,5
3,4
2,4
1,4
3,3
3,0
2,3
2,0
1,3
1,0
0,6
0,0
0,47
0,46
0,49
0,48
0,45
0,12
0,10
0,8
0,11
0,5
0,7
0,4
0,3
